Importing numeric data
(1183747, 970)
Importing features
         L0_S0_F0  L0_S0_F2  L0_S0_F4  L0_S0_F6  L0_S0_F8  L0_S0_F10  \
0        0.029999 -0.033997 -0.197021 -0.178955  0.117981   0.116028   
1             NaN       NaN       NaN       NaN       NaN        NaN   
2        0.088013  0.085999  0.003000 -0.052002  0.161011   0.024994   
3       -0.036011 -0.064026  0.293945  0.330078  0.073975   0.161011   
4       -0.054993 -0.085999  0.293945  0.330078  0.117981   0.024994   
5        0.003000  0.018997  0.293945  0.312012  0.031006   0.161011   
6             NaN       NaN       NaN       NaN       NaN        NaN   
7             NaN       NaN       NaN       NaN       NaN        NaN   
8       -0.016006 -0.040985 -0.178955 -0.178955 -0.056000   0.161011   
9             NaN       NaN       NaN       NaN       NaN        NaN   
10       0.016006  0.093018 -0.014999 -0.016006  0.031006   0.116028   
11      -0.062012 -0.152954 -0.197021 -0.178955 -0.187012  -0.384033   
12      -0.075012 -0.093018  0.366943  0.347900 -0.056000   0.024994   
13      -0.003000 -0.093018 -0.161011 -0.215942  0.117981  -0.020996   
14      -0.016006 -0.137939 -0.197021 -0.178955  0.117981  -0.112000   
15       0.251953  0.250000  0.003000 -0.016006  0.117981  -0.293945   
16            NaN       NaN       NaN       NaN       NaN        NaN   
17      -0.016006 -0.040985  0.003000 -0.016006 -0.142944  -0.339111   
18            NaN       NaN       NaN       NaN       NaN        NaN   
19       0.088013  0.032990  0.330078  0.347900 -0.056000   0.161011   
20            NaN       NaN       NaN       NaN       NaN        NaN   
21            NaN       NaN       NaN       NaN       NaN        NaN   
22       0.003000  0.056000 -0.032990 -0.033997 -0.056000   0.116028   
23       0.010002 -0.033997 -0.197021 -0.197021  0.117981   0.024994   
24            NaN       NaN       NaN       NaN       NaN        NaN   
25       0.036011  0.026001  0.312012  0.293945 -0.013000   0.070007   
26       0.062012  0.070984 -0.178955 -0.215942  0.161011   0.024994   
27      -0.166992 -0.167969  0.275879  0.330078  0.073975   0.161011   
28            NaN       NaN       NaN       NaN       NaN        NaN   
29            NaN       NaN       NaN       NaN       NaN        NaN   
...           ...       ...       ...       ...       ...        ...   
1183717 -0.094971 -0.130981  0.330078  0.293945 -0.056000  -0.248047   
1183718       NaN       NaN       NaN       NaN       NaN        NaN   
1183719  0.036011  0.070984 -0.214966 -0.197021 -0.142944  -0.156982   
1183720  0.029999  0.032990 -0.178955 -0.197021 -0.187012  -0.339111   
1183721       NaN       NaN       NaN       NaN       NaN        NaN   
1183722       NaN       NaN       NaN       NaN       NaN        NaN   
1183723       NaN       NaN       NaN       NaN       NaN        NaN   
1183724  0.003000  0.078003 -0.178955 -0.197021  0.031006   0.024994   
1183725  0.081970  0.056000 -0.161011 -0.178955  0.117981  -0.112000   
1183726       NaN       NaN       NaN       NaN       NaN        NaN   
1183727       NaN       NaN       NaN       NaN       NaN        NaN   
1183728  0.029999  0.048004 -0.032990  0.003000  0.073975   0.161011   
1183729       NaN       NaN       NaN       NaN       NaN        NaN   
1183730       NaN       NaN       NaN       NaN       NaN        NaN   
1183731 -0.016006 -0.064026 -0.233032 -0.197021  0.117981  -0.112000   
1183732       NaN       NaN       NaN       NaN       NaN        NaN   
1183733 -0.107971 -0.064026 -0.197021 -0.197021 -0.187012  -0.384033   
1183734 -0.088013 -0.137939 -0.032990 -0.016006  0.031006   0.116028   
1183735       NaN       NaN       NaN       NaN       NaN        NaN   
1183736  0.003000  0.048004 -0.032990 -0.016006  0.031006   0.161011   
1183737       NaN       NaN       NaN       NaN       NaN        NaN   
1183738 -0.010002 -0.004002  0.003000  0.003000 -0.013000   0.070007   
1183739       NaN       NaN       NaN       NaN       NaN        NaN   
1183740  0.010002 -0.011002  0.366943  0.365967  0.073975   0.024994   
1183741       NaN       NaN       NaN       NaN       NaN        NaN   
1183742 -0.022995  0.032990 -0.014999 -0.016006 -0.013000   0.070007   
1183743       NaN       NaN       NaN       NaN       NaN        NaN   
1183744  0.075012  0.122986 -0.343018 -0.324951  0.031006   0.161011   
1183745 -0.062012 -0.018997 -0.178955 -0.178955 -0.099976   0.116028   
1183746 -0.022995  0.018997 -0.032990 -0.052002  0.031006   0.161011   

         L0_S0_F12  L0_S0_F14  L0_S0_F16  L0_S0_F18    ...      L3_S50_F4251  \
0        -0.014999  -0.032013   0.020004   0.083008    ...               NaN   
1              NaN        NaN        NaN        NaN    ...               NaN   
2        -0.014999  -0.072021  -0.224976  -0.146973    ...               NaN   
3         0.022003   0.128052  -0.026001  -0.045990    ...               NaN   
4         0.029999   0.167969  -0.168945  -0.098999    ...               NaN   
5         0.022003   0.088013  -0.005001  -0.003000    ...               NaN   
6              NaN        NaN        NaN        NaN    ...               NaN   
7              NaN        NaN        NaN        NaN    ...               NaN   
8        -0.007000  -0.032013  -0.081970   0.162964    ...               NaN   
9              NaN        NaN        NaN        NaN    ...               NaN   
10       -0.007000  -0.072021   0.208984   0.035004    ...               NaN   
11        0.000000   0.088013  -0.198975   0.013000    ...               NaN   
12        0.008003   0.048004  -0.031006   0.077026    ...               NaN   
13       -0.014999   0.048004  -0.031006   0.050995    ...               NaN   
14       -0.007000   0.088013  -0.193970  -0.072021    ...               NaN   
15       -0.044006  -0.232056  -0.178955   0.083008    ...               NaN   
16             NaN        NaN        NaN        NaN    ...               NaN   
17        0.000000   0.048004   0.080994   0.050995    ...               NaN   
18             NaN        NaN        NaN        NaN    ...               NaN   
19        0.008003   0.088013  -0.112000   0.008003    ...               NaN   
20             NaN        NaN        NaN        NaN    ...               NaN   
21             NaN        NaN        NaN        NaN    ...               NaN   
22        0.000000  -0.072021   0.056000   0.045013    ...               NaN   
23       -0.014999  -0.032013   0.112000   0.151978    ...               NaN   
24             NaN        NaN        NaN        NaN    ...               NaN   
25        0.014999   0.088013  -0.096985  -0.062012    ...               NaN   
26       -0.022003  -0.112000  -0.173950  -0.093994    ...               NaN   
27        0.052002   0.248047   0.162964   0.119995    ...               NaN   
28             NaN        NaN        NaN        NaN    ...               NaN   
29             NaN        NaN        NaN        NaN    ...               NaN   
...            ...        ...        ...        ...    ...               ...   
1183717   0.036987   0.248047   0.040985   0.056000    ...               NaN   
1183718        NaN        NaN        NaN        NaN    ...               NaN   
1183719  -0.014999  -0.112000   0.080994   0.098999    ...               NaN   
1183720  -0.014999  -0.072021  -0.067017   0.002001    ...               NaN   
1183721        NaN        NaN        NaN        NaN    ...               NaN   
1183722        NaN        NaN        NaN        NaN    ...               NaN   
1183723        NaN        NaN        NaN        NaN    ...               NaN   
1183724  -0.014999  -0.112000   0.117004   0.035004    ...               NaN   
1183725  -0.022003  -0.072021  -0.020996   0.002001    ...               NaN   
1183726        NaN        NaN        NaN        NaN    ...               NaN   
1183727        NaN        NaN        NaN        NaN    ...               NaN   
1183728  -0.007000  -0.072021   0.065979   0.045013    ...               NaN   
1183729        NaN        NaN        NaN        NaN    ...               NaN   
1183730        NaN        NaN        NaN        NaN    ...               NaN   
1183731  -0.014999  -0.032013  -0.101990  -0.130981    ...               NaN   
1183732        NaN        NaN        NaN        NaN    ...               NaN   
1183733   0.014999   0.008003  -0.106995  -0.109985    ...               NaN   
1183734   0.022003   0.128052   0.117004   0.253906    ...               NaN   
1183735        NaN        NaN        NaN        NaN    ...               NaN   
1183736   0.000000  -0.072021   0.014999   0.093018    ...               NaN   
1183737        NaN        NaN        NaN        NaN    ...               NaN   
1183738   0.000000   0.008003   0.157959   0.162964    ...               NaN   
1183739        NaN        NaN        NaN        NaN    ...               NaN   
1183740  -0.014999  -0.032013  -0.020996  -0.114990    ...               NaN   
1183741        NaN        NaN        NaN        NaN    ...               NaN   
1183742   0.008003  -0.032013   0.177979   0.125000    ...               NaN   
1183743        NaN        NaN        NaN        NaN    ...               NaN   
1183744  -0.029999  -0.232056   0.213989   0.050995    ...               NaN   
1183745   0.000000  -0.072021   0.024994   0.274902    ...               NaN   
1183746   0.000000  -0.032013  -0.072021   0.088013    ...               NaN   

         L3_S50_F4253  L3_S51_F4256  L3_S51_F4258  L3_S51_F4260  L3_S51_F4262  \
0                 NaN           NaN           NaN           NaN           NaN   
1                 NaN           NaN           NaN           NaN           NaN   
2                 NaN           NaN           NaN           NaN           NaN   
3                 NaN           NaN           NaN           NaN           NaN   
4                 NaN           NaN           NaN           NaN           NaN   
5                 NaN           NaN           NaN           NaN           NaN   
6                 NaN           NaN           NaN           NaN           NaN   
7                 NaN           NaN           NaN           NaN           NaN   
8                 NaN           NaN           NaN           NaN           NaN   
9                 NaN           NaN           NaN           NaN           NaN   
10                NaN           NaN           NaN           NaN           NaN   
11                NaN           NaN           NaN           NaN           NaN   
12                NaN           NaN           NaN           NaN           NaN   
13                NaN           NaN           NaN           NaN           NaN   
14                NaN           NaN           NaN           NaN           NaN   
15                NaN           NaN           NaN           NaN           NaN   
16                NaN           NaN           NaN           NaN           NaN   
17                NaN           NaN           NaN           NaN           NaN   
18                NaN           NaN           NaN           NaN           NaN   
19                NaN           NaN           NaN           NaN           NaN   
20                NaN           NaN           NaN           NaN           NaN   
21                NaN           NaN           NaN           NaN           NaN   
22                NaN           NaN           NaN           NaN           NaN   
23                NaN           NaN           NaN           NaN           NaN   
24                NaN           NaN           NaN           NaN           NaN   
25                NaN           NaN           NaN           NaN           NaN   
26                NaN           0.0           0.0           0.0           0.0   
27                NaN           NaN           NaN           NaN           NaN   
28                NaN           NaN           NaN           NaN           NaN   
29                NaN           NaN           NaN           NaN           NaN   
...               ...           ...           ...           ...           ...   
1183717           NaN           NaN           NaN           NaN           NaN   
1183718           NaN           NaN           NaN           NaN           NaN   
1183719           NaN           NaN           NaN           NaN           NaN   
1183720           NaN           NaN           NaN           NaN           NaN   
1183721           NaN           NaN           NaN           NaN           NaN   
1183722           NaN           NaN           NaN           NaN           NaN   
1183723           NaN           NaN           NaN           NaN           NaN   
1183724           NaN           NaN           NaN           NaN           NaN   
1183725           NaN           NaN           NaN           NaN           NaN   
1183726           NaN           NaN           NaN           NaN           NaN   
1183727           NaN           NaN           NaN           NaN           NaN   
1183728           NaN           NaN           NaN           NaN           NaN   
1183729           NaN           NaN           NaN           NaN           NaN   
1183730           NaN           NaN           NaN           NaN           NaN   
1183731           NaN           NaN           NaN           NaN           NaN   
1183732           NaN           NaN           NaN           NaN           NaN   
1183733           NaN           NaN           NaN           NaN           NaN   
1183734           NaN           NaN           NaN           NaN           NaN   
1183735           NaN           NaN           NaN           NaN           NaN   
1183736           NaN           NaN           NaN           NaN           NaN   
1183737           NaN           NaN           NaN           NaN           NaN   
1183738           NaN           NaN           NaN           NaN           NaN   
1183739           NaN           NaN           NaN           NaN           NaN   
1183740           NaN           NaN           NaN           NaN           NaN   
1183741           NaN           NaN           NaN           NaN           NaN   
1183742           NaN           NaN           NaN           NaN           NaN   
1183743           NaN           NaN           NaN           NaN           NaN   
1183744           NaN           NaN           NaN           NaN           NaN   
1183745           NaN           NaN           NaN           NaN           NaN   
1183746           NaN           NaN           NaN           NaN           NaN   

               Min         Max      Diff       Evol  
0          82.2500    87.31250   5.06250 -2327318.0  
1        1313.0000  1316.00000   3.00000 -1060381.0  
2        1619.0000  1624.00000   5.00000  -919202.0  
3        1149.0000  1154.00000   5.00000 -2364369.0  
4         602.5000   606.00000   3.50000 -2359901.0  
5        1332.0000  1340.00000   8.00000 -2366556.0  
6        1663.0000  1664.00000   1.00000 -2366413.0  
7         791.0000   804.50000  13.50000 -2367427.0  
8         517.5000   518.00000   0.50000 -2272492.0  
9         156.2500   157.87500   1.62500 -2352943.0  
10       1105.0000  1106.00000   1.00000 -1878800.0  
11        392.7500   401.50000   8.75000 -2367118.0  
12         55.4375    62.09375   6.65625 -1934514.0  
13         99.0000    99.68750   0.68750 -2339994.0  
14        354.5000   365.50000  11.00000 -2347426.0  
15       1634.0000  1636.00000   2.00000 -2366489.0  
16        476.0000   476.50000   0.50000 -2353252.0  
17       1532.0000  1542.00000  10.00000 -2362735.0  
18        263.2500   263.50000   0.25000 -2330315.0  
19        676.0000   677.50000   1.50000 -2365146.0  
20        967.0000   991.50000  24.50000 -2338010.0  
21       1341.0000  1346.00000   5.00000 -2324662.0  
22        886.0000   890.00000   4.00000 -2366880.0  
23        609.5000   611.50000   2.00000 -2367436.0  
24        656.0000   668.00000  12.00000 -1652921.0  
25       1450.0000  1451.00000   1.00000 -2366818.0  
26        187.6250   189.00000   1.37500 -2347370.0  
27       1458.0000  1460.00000   2.00000 -2365788.0  
28       1293.0000  1297.00000   4.00000 -2365520.0  
29        319.7500   321.25000   1.50000 -2366535.0  
...            ...         ...       ...        ...  
1183717  1568.0000  1611.00000  43.00000        2.0  
1183718   770.5000   787.50000  17.00000     3726.0  
1183719   486.7500   487.50000   0.75000      141.0  
1183720   340.5000   342.25000   1.75000     2231.0  
1183721   790.5000   802.00000  11.50000     5217.0  
1183722   674.0000   717.00000  43.00000     1646.0  
1183723  1394.0000  1396.00000   2.00000      554.0  
1183724   888.0000   892.00000   4.00000      780.0  
1183725   113.8750   115.93750   2.06250    16061.0  
1183726   989.0000  1006.50000  17.50000     3563.0  
1183727  1191.0000  1205.00000  14.00000     2211.0  
1183728  1250.0000  1261.00000  11.00000      237.0  
1183729   752.5000   774.00000  21.50000     2095.0  
1183730   606.0000   609.50000   3.50000     1298.0  
1183731   354.5000   365.25000  10.75000      107.0  
1183732   795.5000   803.50000   8.00000     3823.0  
1183733  1585.0000  1592.00000   7.00000     1560.0  
1183734  1413.0000  1413.00000   0.00000      654.0  
1183735   155.8750   165.37500   9.50000    34527.0  
1183736   897.0000   904.00000   7.00000      625.0  
1183737   476.0000   476.50000   0.50000     5082.0  
1183738  1239.0000  1242.00000   3.00000     3550.0  
1183739   291.5000   296.75000   5.25000     4256.0  
1183740    55.4375    62.09375   6.65625     5262.0  
1183741   977.5000   994.50000  17.00000     4315.0  
1183742  1240.0000  1244.00000   4.00000     1685.0  
1183743   624.0000   626.50000   2.50000     2086.0  
1183744  1482.0000  1491.00000   9.00000     8607.0  
1183745   609.0000   611.00000   2.00000     1529.0  
1183746   937.5000   942.50000   5.00000      148.0  

[1183747 rows x 972 columns]
(1183747, 972)
Importing date data
         L0_S0_F0  L0_S0_F2  L0_S0_F4  L0_S0_F6  L0_S0_F8  L0_S0_F10  \
0        0.029999 -0.033997 -0.197021 -0.178955  0.117981   0.116028   
1             NaN       NaN       NaN       NaN       NaN        NaN   
2        0.088013  0.085999  0.003000 -0.052002  0.161011   0.024994   
3       -0.036011 -0.064026  0.293945  0.330078  0.073975   0.161011   
4       -0.054993 -0.085999  0.293945  0.330078  0.117981   0.024994   
5        0.003000  0.018997  0.293945  0.312012  0.031006   0.161011   
6             NaN       NaN       NaN       NaN       NaN        NaN   
7             NaN       NaN       NaN       NaN       NaN        NaN   
8       -0.016006 -0.040985 -0.178955 -0.178955 -0.056000   0.161011   
9             NaN       NaN       NaN       NaN       NaN        NaN   
10       0.016006  0.093018 -0.014999 -0.016006  0.031006   0.116028   
11      -0.062012 -0.152954 -0.197021 -0.178955 -0.187012  -0.384033   
12      -0.075012 -0.093018  0.366943  0.347900 -0.056000   0.024994   
13      -0.003000 -0.093018 -0.161011 -0.215942  0.117981  -0.020996   
14      -0.016006 -0.137939 -0.197021 -0.178955  0.117981  -0.112000   
15       0.251953  0.250000  0.003000 -0.016006  0.117981  -0.293945   
16            NaN       NaN       NaN       NaN       NaN        NaN   
17      -0.016006 -0.040985  0.003000 -0.016006 -0.142944  -0.339111   
18            NaN       NaN       NaN       NaN       NaN        NaN   
19       0.088013  0.032990  0.330078  0.347900 -0.056000   0.161011   
20            NaN       NaN       NaN       NaN       NaN        NaN   
21            NaN       NaN       NaN       NaN       NaN        NaN   
22       0.003000  0.056000 -0.032990 -0.033997 -0.056000   0.116028   
23       0.010002 -0.033997 -0.197021 -0.197021  0.117981   0.024994   
24            NaN       NaN       NaN       NaN       NaN        NaN   
25       0.036011  0.026001  0.312012  0.293945 -0.013000   0.070007   
26       0.062012  0.070984 -0.178955 -0.215942  0.161011   0.024994   
27      -0.166992 -0.167969  0.275879  0.330078  0.073975   0.161011   
28            NaN       NaN       NaN       NaN       NaN        NaN   
29            NaN       NaN       NaN       NaN       NaN        NaN   
...           ...       ...       ...       ...       ...        ...   
1183717 -0.094971 -0.130981  0.330078  0.293945 -0.056000  -0.248047   
1183718       NaN       NaN       NaN       NaN       NaN        NaN   
1183719  0.036011  0.070984 -0.214966 -0.197021 -0.142944  -0.156982   
1183720  0.029999  0.032990 -0.178955 -0.197021 -0.187012  -0.339111   
1183721       NaN       NaN       NaN       NaN       NaN        NaN   
1183722       NaN       NaN       NaN       NaN       NaN        NaN   
1183723       NaN       NaN       NaN       NaN       NaN        NaN   
1183724  0.003000  0.078003 -0.178955 -0.197021  0.031006   0.024994   
1183725  0.081970  0.056000 -0.161011 -0.178955  0.117981  -0.112000   
1183726       NaN       NaN       NaN       NaN       NaN        NaN   
1183727       NaN       NaN       NaN       NaN       NaN        NaN   
1183728  0.029999  0.048004 -0.032990  0.003000  0.073975   0.161011   
1183729       NaN       NaN       NaN       NaN       NaN        NaN   
1183730       NaN       NaN       NaN       NaN       NaN        NaN   
1183731 -0.016006 -0.064026 -0.233032 -0.197021  0.117981  -0.112000   
1183732       NaN       NaN       NaN       NaN       NaN        NaN   
1183733 -0.107971 -0.064026 -0.197021 -0.197021 -0.187012  -0.384033   
1183734 -0.088013 -0.137939 -0.032990 -0.016006  0.031006   0.116028   
1183735       NaN       NaN       NaN       NaN       NaN        NaN   
1183736  0.003000  0.048004 -0.032990 -0.016006  0.031006   0.161011   
1183737       NaN       NaN       NaN       NaN       NaN        NaN   
1183738 -0.010002 -0.004002  0.003000  0.003000 -0.013000   0.070007   
1183739       NaN       NaN       NaN       NaN       NaN        NaN   
1183740  0.010002 -0.011002  0.366943  0.365967  0.073975   0.024994   
1183741       NaN       NaN       NaN       NaN       NaN        NaN   
1183742 -0.022995  0.032990 -0.014999 -0.016006 -0.013000   0.070007   
1183743       NaN       NaN       NaN       NaN       NaN        NaN   
1183744  0.075012  0.122986 -0.343018 -0.324951  0.031006   0.161011   
1183745 -0.062012 -0.018997 -0.178955 -0.178955 -0.099976   0.116028   
1183746 -0.022995  0.018997 -0.032990 -0.052002  0.031006   0.161011   

         L0_S0_F12  L0_S0_F14  L0_S0_F16  L0_S0_F18      ...       \
0        -0.014999  -0.032013   0.020004   0.083008      ...        
1              NaN        NaN        NaN        NaN      ...        
2        -0.014999  -0.072021  -0.224976  -0.146973      ...        
3         0.022003   0.128052  -0.026001  -0.045990      ...        
4         0.029999   0.167969  -0.168945  -0.098999      ...        
5         0.022003   0.088013  -0.005001  -0.003000      ...        
6              NaN        NaN        NaN        NaN      ...        
7              NaN        NaN        NaN        NaN      ...        
8        -0.007000  -0.032013  -0.081970   0.162964      ...        
9              NaN        NaN        NaN        NaN      ...        
10       -0.007000  -0.072021   0.208984   0.035004      ...        
11        0.000000   0.088013  -0.198975   0.013000      ...        
12        0.008003   0.048004  -0.031006   0.077026      ...        
13       -0.014999   0.048004  -0.031006   0.050995      ...        
14       -0.007000   0.088013  -0.193970  -0.072021      ...        
15       -0.044006  -0.232056  -0.178955   0.083008      ...        
16             NaN        NaN        NaN        NaN      ...        
17        0.000000   0.048004   0.080994   0.050995      ...        
18             NaN        NaN        NaN        NaN      ...        
19        0.008003   0.088013  -0.112000   0.008003      ...        
20             NaN        NaN        NaN        NaN      ...        
21             NaN        NaN        NaN        NaN      ...        
22        0.000000  -0.072021   0.056000   0.045013      ...        
23       -0.014999  -0.032013   0.112000   0.151978      ...        
24             NaN        NaN        NaN        NaN      ...        
25        0.014999   0.088013  -0.096985  -0.062012      ...        
26       -0.022003  -0.112000  -0.173950  -0.093994      ...        
27        0.052002   0.248047   0.162964   0.119995      ...        
28             NaN        NaN        NaN        NaN      ...        
29             NaN        NaN        NaN        NaN      ...        
...            ...        ...        ...        ...      ...        
1183717   0.036987   0.248047   0.040985   0.056000      ...        
1183718        NaN        NaN        NaN        NaN      ...        
1183719  -0.014999  -0.112000   0.080994   0.098999      ...        
1183720  -0.014999  -0.072021  -0.067017   0.002001      ...        
1183721        NaN        NaN        NaN        NaN      ...        
1183722        NaN        NaN        NaN        NaN      ...        
1183723        NaN        NaN        NaN        NaN      ...        
1183724  -0.014999  -0.112000   0.117004   0.035004      ...        
1183725  -0.022003  -0.072021  -0.020996   0.002001      ...        
1183726        NaN        NaN        NaN        NaN      ...        
1183727        NaN        NaN        NaN        NaN      ...        
1183728  -0.007000  -0.072021   0.065979   0.045013      ...        
1183729        NaN        NaN        NaN        NaN      ...        
1183730        NaN        NaN        NaN        NaN      ...        
1183731  -0.014999  -0.032013  -0.101990  -0.130981      ...        
1183732        NaN        NaN        NaN        NaN      ...        
1183733   0.014999   0.008003  -0.106995  -0.109985      ...        
1183734   0.022003   0.128052   0.117004   0.253906      ...        
1183735        NaN        NaN        NaN        NaN      ...        
1183736   0.000000  -0.072021   0.014999   0.093018      ...        
1183737        NaN        NaN        NaN        NaN      ...        
1183738   0.000000   0.008003   0.157959   0.162964      ...        
1183739        NaN        NaN        NaN        NaN      ...        
1183740  -0.014999  -0.032013  -0.020996  -0.114990      ...        
1183741        NaN        NaN        NaN        NaN      ...        
1183742   0.008003  -0.032013   0.177979   0.125000      ...        
1183743        NaN        NaN        NaN        NaN      ...        
1183744  -0.029999  -0.232056   0.213989   0.050995      ...        
1183745   0.000000  -0.072021   0.024994   0.274902      ...        
1183746   0.000000  -0.032013  -0.072021   0.088013      ...        

         L3_S50_D4244  L3_S50_D4246  L3_S50_D4248  L3_S50_D4250  L3_S50_D4252  \
0                 NaN           NaN           NaN           NaN           NaN   
1                 NaN           NaN           NaN           NaN           NaN   
2                 NaN           NaN           NaN           NaN           NaN   
3                 NaN           NaN           NaN           NaN           NaN   
4                 NaN           NaN           NaN           NaN           NaN   
5                 NaN           NaN           NaN           NaN           NaN   
6                 NaN           NaN           NaN           NaN           NaN   
7                 NaN           NaN           NaN           NaN           NaN   
8                 NaN           NaN           NaN           NaN           NaN   
9                 NaN           NaN           NaN           NaN           NaN   
10                NaN           NaN           NaN           NaN           NaN   
11                NaN           NaN           NaN           NaN           NaN   
12                NaN           NaN           NaN           NaN           NaN   
13                NaN           NaN           NaN           NaN           NaN   
14                NaN           NaN           NaN           NaN           NaN   
15                NaN           NaN           NaN           NaN           NaN   
16                NaN           NaN           NaN           NaN           NaN   
17                NaN           NaN           NaN           NaN           NaN   
18                NaN           NaN           NaN           NaN           NaN   
19                NaN           NaN           NaN           NaN           NaN   
20                NaN           NaN           NaN           NaN           NaN   
21                NaN           NaN           NaN           NaN           NaN   
22                NaN           NaN           NaN           NaN           NaN   
23                NaN           NaN           NaN           NaN           NaN   
24                NaN           NaN           NaN           NaN           NaN   
25                NaN           NaN           NaN           NaN           NaN   
26                NaN           NaN           NaN           NaN           NaN   
27                NaN           NaN           NaN           NaN           NaN   
28                NaN           NaN           NaN           NaN           NaN   
29                NaN           NaN           NaN           NaN           NaN   
...               ...           ...           ...           ...           ...   
1183717           NaN           NaN           NaN           NaN           NaN   
1183718           NaN           NaN           NaN           NaN           NaN   
1183719           NaN           NaN           NaN           NaN           NaN   
1183720           NaN           NaN           NaN           NaN           NaN   
1183721           NaN           NaN           NaN           NaN           NaN   
1183722           NaN           NaN           NaN           NaN           NaN   
1183723           NaN           NaN           NaN           NaN           NaN   
1183724           NaN           NaN           NaN           NaN           NaN   
1183725           NaN           NaN           NaN           NaN           NaN   
1183726           NaN           NaN           NaN           NaN           NaN   
1183727           NaN           NaN           NaN           NaN           NaN   
1183728           NaN           NaN           NaN           NaN           NaN   
1183729           NaN           NaN           NaN           NaN           NaN   
1183730           NaN           NaN           NaN           NaN           NaN   
1183731           NaN           NaN           NaN           NaN           NaN   
1183732           NaN           NaN           NaN           NaN           NaN   
1183733           NaN           NaN           NaN           NaN           NaN   
1183734           NaN           NaN           NaN           NaN           NaN   
1183735           NaN           NaN           NaN           NaN           NaN   
1183736           NaN           NaN           NaN           NaN           NaN   
1183737           NaN           NaN           NaN           NaN           NaN   
1183738           NaN           NaN           NaN           NaN           NaN   
1183739           NaN           NaN           NaN           NaN           NaN   
1183740           NaN           NaN           NaN           NaN           NaN   
1183741           NaN           NaN           NaN           NaN           NaN   
1183742           NaN           NaN           NaN           NaN           NaN   
1183743           NaN           NaN           NaN           NaN           NaN   
1183744           NaN           NaN           NaN           NaN           NaN   
1183745           NaN           NaN           NaN           NaN           NaN   
1183746           NaN           NaN           NaN           NaN           NaN   

         L3_S50_D4254  L3_S51_D4257  L3_S51_D4259  L3_S51_D4261  L3_S51_D4263  
0                 NaN           NaN           NaN           NaN           NaN  
1                 NaN           NaN           NaN           NaN           NaN  
2                 NaN           NaN           NaN           NaN           NaN  
3                 NaN           NaN           NaN           NaN           NaN  
4                 NaN           NaN           NaN           NaN           NaN  
5                 NaN           NaN           NaN           NaN           NaN  
6                 NaN           NaN           NaN           NaN           NaN  
7                 NaN           NaN           NaN           NaN           NaN  
8                 NaN           NaN           NaN           NaN           NaN  
9                 NaN           NaN           NaN           NaN           NaN  
10                NaN           NaN           NaN           NaN           NaN  
11                NaN           NaN           NaN           NaN           NaN  
12                NaN           NaN           NaN           NaN           NaN  
13                NaN           NaN           NaN           NaN           NaN  
14                NaN           NaN           NaN           NaN           NaN  
15                NaN           NaN           NaN           NaN           NaN  
16                NaN           NaN           NaN           NaN           NaN  
17                NaN           NaN           NaN           NaN           NaN  
18                NaN           NaN           NaN           NaN           NaN  
19                NaN           NaN           NaN           NaN           NaN  
20                NaN           NaN           NaN           NaN           NaN  
21                NaN           NaN           NaN           NaN           NaN  
22                NaN           NaN           NaN           NaN           NaN  
23                NaN           NaN           NaN           NaN           NaN  
24                NaN           NaN           NaN           NaN           NaN  
25                NaN           NaN           NaN           NaN           NaN  
26                NaN         189.0         189.0         189.0         189.0  
27                NaN           NaN           NaN           NaN           NaN  
28                NaN           NaN           NaN           NaN           NaN  
29                NaN           NaN           NaN           NaN           NaN  
...               ...           ...           ...           ...           ...  
1183717           NaN           NaN           NaN           NaN           NaN  
1183718           NaN           NaN           NaN           NaN           NaN  
1183719           NaN           NaN           NaN           NaN           NaN  
1183720           NaN           NaN           NaN           NaN           NaN  
1183721           NaN           NaN           NaN           NaN           NaN  
1183722           NaN           NaN           NaN           NaN           NaN  
1183723           NaN           NaN           NaN           NaN           NaN  
1183724           NaN           NaN           NaN           NaN           NaN  
1183725           NaN           NaN           NaN           NaN           NaN  
1183726           NaN           NaN           NaN           NaN           NaN  
1183727           NaN           NaN           NaN           NaN           NaN  
1183728           NaN           NaN           NaN           NaN           NaN  
1183729           NaN           NaN           NaN           NaN           NaN  
1183730           NaN           NaN           NaN           NaN           NaN  
1183731           NaN           NaN           NaN           NaN           NaN  
1183732           NaN           NaN           NaN           NaN           NaN  
1183733           NaN           NaN           NaN           NaN           NaN  
1183734           NaN           NaN           NaN           NaN           NaN  
1183735           NaN           NaN           NaN           NaN           NaN  
1183736           NaN           NaN           NaN           NaN           NaN  
1183737           NaN           NaN           NaN           NaN           NaN  
1183738           NaN           NaN           NaN           NaN           NaN  
1183739           NaN           NaN           NaN           NaN           NaN  
1183740           NaN           NaN           NaN           NaN           NaN  
1183741           NaN           NaN           NaN           NaN           NaN  
1183742           NaN           NaN           NaN           NaN           NaN  
1183743           NaN           NaN           NaN           NaN           NaN  
1183744           NaN           NaN           NaN           NaN           NaN  
1183745           NaN           NaN           NaN           NaN           NaN  
1183746           NaN           NaN           NaN           NaN           NaN  

[1183747 rows x 1940 columns]
(1183747, 1940)
Importing categorical data
Removing useless rows
(354950, 1940)
Fitting
Fit completed
Importing numeric data
Importing features
(1183748, 972)
Importing date data
(1183748, 1940)
Importing categorical data
Predicting
[        0
0       0
1       0
2       0
3       0
4       0
5       0
6       0
7       0
8       0
9       0
10      0
11      0
12      0
13      0
14      0
15      0
16      0
17      0
18      0
19      0
20      0
21      0
22      0
23      0
24      0
25      0
26      0
27      0
28      0
29      0
...    ..
199970  0
199971  0
199972  0
199973  0
199974  0
199975  0
199976  0
199977  0
199978  0
199979  0
199980  0
199981  0
199982  0
199983  0
199984  0
199985  0
199986  0
199987  0
199988  0
199989  0
199990  0
199991  0
199992  0
199993  0
199994  0
199995  0
199996  0
199997  0
199998  0
199999  0

[200000 rows x 1 columns],         0
0       0
1       0
2       0
3       0
4       0
5       0
6       0
7       0
8       0
9       0
10      0
11      0
12      0
13      0
14      0
15      0
16      0
17      0
18      0
19      0
20      0
21      0
22      0
23      0
24      0
25      0
26      0
27      0
28      0
29      0
...    ..
199970  0
199971  0
199972  0
199973  0
199974  0
199975  0
199976  0
199977  0
199978  0
199979  0
199980  0
199981  0
199982  0
199983  0
199984  0
199985  0
199986  0
199987  0
199988  0
199989  0
199990  0
199991  0
199992  0
199993  0
199994  0
199995  0
199996  0
199997  0
199998  0
199999  0

[200000 rows x 1 columns],         0
0       0
1       0
2       0
3       0
4       0
5       0
6       0
7       0
8       0
9       0
10      0
11      0
12      0
13      0
14      0
15      0
16      0
17      0
18      0
19      0
20      0
21      0
22      0
23      0
24      0
25      0
26      0
27      0
28      0
29      0
...    ..
199970  0
199971  0
199972  0
199973  0
199974  0
199975  0
199976  0
199977  0
199978  0
199979  0
199980  0
199981  0
199982  0
199983  0
199984  0
199985  0
199986  0
199987  0
199988  0
199989  0
199990  0
199991  0
199992  0
199993  0
199994  0
199995  0
199996  0
199997  0
199998  0
199999  0

[200000 rows x 1 columns],         0
0       0
1       0
2       0
3       0
4       0
5       0
6       0
7       0
8       0
9       0
10      0
11      0
12      0
13      0
14      0
15      0
16      0
17      0
18      0
19      0
20      0
21      0
22      0
23      0
24      0
25      0
26      0
27      0
28      0
29      0
...    ..
199970  0
199971  0
199972  0
199973  0
199974  0
199975  0
199976  0
199977  0
199978  0
199979  0
199980  0
199981  0
199982  0
199983  0
199984  0
199985  0
199986  0
199987  0
199988  0
199989  0
199990  0
199991  0
199992  0
199993  0
199994  0
199995  0
199996  0
199997  0
199998  0
199999  0

[200000 rows x 1 columns],         0
0       0
1       0
2       0
3       0
4       0
5       0
6       0
7       0
8       0
9       0
10      0
11      0
12      0
13      0
14      0
15      0
16      0
17      0
18      0
19      0
20      0
21      0
22      0
23      0
24      0
25      0
26      0
27      0
28      0
29      0
...    ..
199970  0
199971  0
199972  0
199973  0
199974  0
199975  0
199976  0
199977  0
199978  0
199979  0
199980  0
199981  0
199982  0
199983  0
199984  0
199985  0
199986  0
199987  0
199988  0
199989  0
199990  0
199991  0
199992  0
199993  0
199994  0
199995  0
199996  0
199997  0
199998  0
199999  0

[200000 rows x 1 columns],         0
0       0
1       0
2       0
3       0
4       0
5       0
6       0
7       0
8       0
9       0
10      0
11      0
12      0
13      0
14      0
15      0
16      0
17      0
18      0
19      0
20      0
21      0
22      0
23      0
24      0
25      0
26      0
27      0
28      0
29      0
...    ..
183718  0
183719  0
183720  0
183721  0
183722  0
183723  0
183724  0
183725  0
183726  0
183727  0
183728  0
183729  0
183730  0
183731  0
183732  0
183733  0
183734  0
183735  0
183736  0
183737  0
183738  0
183739  0
183740  0
183741  0
183742  0
183743  0
183744  0
183745  0
183746  0
183747  0

[183748 rows x 1 columns]]
(1183748, 1)
Prediction done
